COLUMN 1: element symbol
COLUMN 2: written-out name of element
COLUMN 3: element's atomic number (# protons)
COLUMN 4: atomic mass of the most common or stable isotope
COLUMN 5: other stable isotopes, delimited by vertical bars
COLUMN 6: atomic masses of associated radioisotopes, delimited by vertical bars

https://commons.wikimedia.org/wiki/File:Nucleosynthesis_periodic_table.svg
http://www.ciaaw.org/isotopic-abundances.htm
http://en.wikipedia.orig/wiki/isotopes_of_xxxxxx
https://www.webelements.com/actinium/isotopes.html
1    2              3   4    5                                    6                                                                                 7
========================================================================================================================================================================
Ac   *actinium       89  |    |                                    224|225|226|227|228|229
Ag   silver          47  107  109                                  103|104|105|106|108|110|111|112|113
Al   aluminum        13  27   |                                    24|25|26|28|29|30
Ar   *argon          18  40   36|38                                35|37|39|41|42|43|44
As   *arsenic        33  75   |                                    68|69|70|71|72|73|74|76|77|78|79
At   *astatine       85  |    |                                    207|208|209|210|211
Au   gold            79  197  |                                    194|195|196|198|199
B    *boron          5   11   10                                   8|9|12|13
Ba   *barium         56  138  130|132|134|135|136|137              128|129|131|133|139|140
Be   *berylium       4   9    |                                    6|7|8|10|11|12|13
Bi   *bismuth        83  209  |                                    205|206|207|208|210
Br   *bromine        35  79   81                                   72|73|74|75|76|77|78|80|82|83|84|85
C    carbon          6   12   13                                   9|10|11|14|15|16|17
Ca   calcium         20  40   42|43|44|46|48                       41|45|47|49|50|51|52
Cd   *cadmium        48  114  106|108|110|111|112|113|116          107|109|115|117
Ce   *cerium         58  140  136|138|142                          134|135|137|139|141|143|144
Cl   *chlorine       17  35   37                                   36|38|39|40|41|42|43
Co   *cobalt         27  59   |                                    55|56|57|58|60|61|62
Cr   *chromium       24  52   50|53|54                             48|49|51|55|56
Cs   *cesium         55  133  |                                    129|130|131|132|134|135|136|137
Cu   *copper         29  63   65                                   59|60|61|62|64|66|67|68|69
Dy   *dysprosium     66  164  156|158|160|161|162|163              152|153|154|155|157|159|165|166
Er   *erbium         68  166  162|164|167|168|170                  160|161|163|165|169|171|172
Eu   *europium       63  153  151                                  145|146|147|148|149|150|152|154|155|156
F    *fluorine       9   19   |                                    17|18|20|21|22|23
Fe   iron            26  56   54|57|58                             52|53|55|59|60|61|62
Fr   *francium       87  |    |                                    210|211|212|213|214|215|216|217|218|219|220|221|222|223|224|225|226|227
Ga   *gallium        31  69   71                                   64|65|66|67|68|70|72|73|74|75
Gd   *gadolinium     64  158  152|154|155|156|157|160              146|147|148|149|150|151|153|159
Ge   *germanium      32  74   70|72|73|76                          64|65|66|67|68|69|71|75|77|78
H    hydrogen        1   1    2                                    3
He   helium          2   4    3                                    6|8
Hf   *hafnium        72  180  174|176|177|178|179                  172|173|175|181|182
Hg   mercury         80  202  196|198|199|200|201|204              194|195|197|203
Ho   *holmium        67  165  |                                    161|162|163|164|166|167
I    iodine          53  127  |                                    120|121|122|123|124|125|126|128|129|130|131|132|133|134|135
In   *indium         49  115  113                                  109|110|111|112|114|115
Ir   *iridium        77  193  191                                  188|189|190|192
La   *lanthanum      57  139  138                                  132|133|134|135|136|137|140|141|142
Li   *lithium        3   7    6                                    8|9|11
Lu   *lutetium       71  175  176                                  169|170|171|172|173|174|177
K    *potassium      19  41   39|40                                37|38|40|42|43|44|45|46|47|48|49        
Kr   *krypton        36  84   78|80|82|86                          74|75|76|77|79|81|85|87|88|89
Mg   *magnesium      12  24   25|26                                22|23|27|28|29
Mn   *manganese      25  55   |                                    51|52|53|54|56|57
Mo   *molybdenum     42  98   92|94|95|96|97|100                   90|91|93|99
N    nitrogen        7   14   15                                   12|13|16|17|18|19|20
Na   sodium          11  23   |                                    21|22|24|25|26
Nb   *niobium        41  93   |                                    89|90|91|92|94|95|96|97
Nd   *neodymium      60  142  143|144|145|146|148|150              138|139|140|141|147|149
Ne   *neon           10  20   21|22                                18|19|23|24|25
Ni   *nickel         28  58   60|61|62|64                          56|57|59|63|65|66
Np   *neptunium      93  |    |                                    234|235|236|237|238|239
O    oxygen          8   16   17|18                                14|15|19|20|21|22
Os   *osmium         76  192  184|186|187|188|189|190              182|183|185|191|193|194
P    *phosphorus     15  31   |                                    29|30|32|33
Pa   *protactinium   91  231  |                                    228|229|230|231|232|233|234
Pb   lead            82  208  204|206|207                          200|201|202|203|205|210|211|212
Pd   *palladium      46  106  102|104|105|108|110                  100|101|103|107|109|111|112
Pm   *promethium     61  |    |                                    143|144|145|146|147|148|149|150|151
Po   *polonium       84  |    |                                    206|207|208|209|210
Pr   *praseodymium   59  141  |                                    137|138|139|140|142|143|144|145
Pt   *platinum       78  195  190|192|194|196|198                  191|193|197
Pu   *plutonium      94  |    |                                    236|237|238|240|241|242|243|244|245|246
Ra   *radium         88  |    |                                    223|224|225|226|227|228
Rb   *rubidium       37  85   87                                   81|82|83|84|86|87
Re   *rhenium        75  187  185                                  182|183|184|186|188|189
Rh   *rhodium        45  103  |                                    99|100|101|102|104|105
Rn   *radon          86  |    |                                    210|211|212|213|214|215|216|217|218|219|220|221|222|223|224|225|226
Ru   *ruthenium      44  102  96|98|99|100|101|104                 95|97|103|105|106
S    sulfur          16  32   33|34|36                             30|31|35|37|38|39|40
Sb   *antimony       51  121  123                                  117|118|119|120|122|124|125|126|127|128|129
Sc   *scandium       21  45   |                                    43|44|46|47|48|49|50
Se   *selenium       34  80   74|76|77|82                          70|71|72|73|75|79|81|83|84
Si   silicon         14  28   29|30                                26|27|31|32|33|34
Sm   *samarium       62  152  144|147|148|149|150|152|154          145|146|151|153|155|156
Sn   tin             50  120  112|114|115|116|117|118|119|122|124  110|111|113|121|123|125|126|127
Sr   *strontium      38  88   84|86|87                             80|81|82|83|85|89|90|91|92
Ta   *tantalum       73  181  180                                  177|178|179|180|182|183
Tb   *terbium        65  159  |                                    153|154|155|156|157|158|160|161
Tc   *technetium     43  |    |                                    93|94|95|96|97|98|99
Te   *tellurium      52  130  120|122|123|124|125|126|128          116|117|118|119|121|127|129
Th   *thorium        90  232  |                                    227|228|229|230|231|232|233|234
Ti   *titanium       22  48   46|47|49|50                          44|45|51|52
Tl   *thallium       81  205  203                                  200|201|202|204
Tm   *thulium        69  169  |                                    165|166|167|168|170|171|172
U    *uranium        92  238  234|235                              230|231|232|233|236|237
V    *vanadium       23  51   50                                   47|48|49|52|53
W    *tungsten       74  184  180|182|183|186                      178|179|181|185|187|188
Xe   *xenon          54  132  124|126|128|129|130|131|134|136      122|123|125|127|133|135
Y    *ytrium         39  89   |                                    85|86|87|88|90|91|92|93
Yb   *ytterbium      70  174  168|170|171|172|173|176              166|167|169|175|177
Zn   *zinc           30  64   66|67|68|70                          60|61|62|63|65|69|71|72
Zr   *zirconium      40  90   91|92|94|96                          86|87|88|89|93|95|96|97